00001
00002
00003
00003
00004
00005
00006
00011
00012
00012
00016
00017
00019
00023
00027
00066
00135
00151
00175
00267
00293
00358
00386
00388
00390
00489
00494
00656
00688
00700
00728
00753
00762
00788
00788
00823
00857
00883
00902
00914
00939
00939
00941
00981
00992
00998
01044
01055
01088
01093
01099
01109
01113
01171
01186
01211
01288
01288
01299
01336
01339
01359
01398
01398
01658
01766
01800
01810
01816
01898
01918
01919
01928
01988
02007
02018
02202
02238
02282
02318
02319
02328
02333
02382
02388
02600
02601
02628
02777
02800
02822
02823
02828
02883
02888
02899
03188
03323
03328
03333
03690
03800
03888
03968
03988
03988
06030
06837
