400002
400005
400006
400007
400008
400009
400010
400011
400012
400013
400016
400017
400018
400019
400020
400021
400022
400023
400025
400026
400027
400028
400029
400030
400031
400032
400033
400035
400036
400037
400038
400039
400040
400041
400042
400043
400044
400045
400046
400048
400049
400050
400051
400052
400053
400054
400055
400056
400057
400059
400060
400062
400064
400065
400067
400068
400069
400070
420008
420011
420016
420032
420047
420058
420063
430002
430003
430004
430005
430009
430010
430011
430014
430015
430016
430017
430019
430020
430021
430022
430025
430027
430028
430029
430031
430032
430033
430034
430037
430038
430041
430042
430044
430046
430047
430048
430051
430052
430053
430054
430055
430056
430057
430058
430060
430061
430062
430064
430065
430066
430067
430068
430069
430070
430071
430072
430073
430074
430075
430076
430077
430078
430079
430080
430081
430082
430083
430084
430085
430086
430088
430089
430090
430091
430093
430094
430096
430097
430098
430099
430100
430102
430103
430104
430105
430106
430107
430108
430109
430111
430112
430113
430114
430116
430117
430118
430119
430120
430122
430123
430124
430125
430126
430127
430130
430131
430133
430134
430135
430136
430137
430138
430139
430140
430141
430142
430143
430144
430145
430146
430148
430149
430152
430153
430155
430156
430157
430158
430159
430160
430161
430163
430164
430165
430166
430167
430168
430169
430170
430171
430172
430173
430174
430175
430176
430177
430178
430179
430180
430182
430184
430185
430186
430188
430189
430190
430191
430193
430195
430196
430197
430198
430199
430200
430201
430203
430204
430205
430207
430208
430209
430210
430211
430213
430214
430215
430216
430217
430218
430219
430220
430221
430222
430223
430224
430225
430226
430228
430229
430233
430234
430235
430236
430238
430239
430240
430241
430242
430244
430246
430247
430248
430249
430250
430251
430252
430253
430254
430255
430256
430257
430258
430260
430262
430263
430264
430265
430266
430267
430268
430269
430271
430272
430273
430274
430276
430277
430279
430281
430282
430283
430284
430285
430286
430287
430288
430289
430290
430292
430293
430296
430299
430300
430301
430303
430304
430305
430306
430309
430311
430312
430314
430315
430316
430317
430318
430319
430320
430321
430322
430323
430324
430325
430326
430327
430328
430329
430330
430331
430332
430333
430334
430335
430336
430337
430338
430339
430340
430341
430342
430343
430344
430345
430346
430347
430350
430351
430352
430353
430355
430356
430358
430359
430360
430361
430362
430363
430365
430366
430367
430368
430369
430370
430372
430374
430375
430376
430377
430379
430380
430381
430382
430383
430385
430386
430387
430388
430390
430391
430392
430393
430394
430395
430396
430397
430398
430401
430403
430405
430406
430407
430408
430409
430410
430411
430412
430413
430414
430415
430416
430418
430420
430421
430422
430423
430424
430425
430426
430427
430428
430429
430430
430432
430433
430434
430435
430437
430438
430439
430440
430441
430442
430443
430446
430447
430448
430449
430450
430451
430452
430453
430454
430455
430457
430458
430459
430460
430461
430462
430463
430464
430465
430466
430467
430468
430470
430471
430472
430473
430474
430475
430476
430477
430478
430479
430480
430481
430482
430483
430484
430485
430486
430487
430488
430489
430490
430491
430492
430493
430494
430495
430496
430497
430498
430499
430500
430501
430502
430503
430504
430505
430507
430508
430509
430510
430511
430513
430514
430515
430516
430517
430519
430520
430521
430522
430523
430524
430525
430527
430528
430529
430530
430532
430534
430535
430536
430537
430538
430539
430540
430541
430542
430543
430544
430545
430546
430547
430548
430549
430550
430552
430553
430555
430556
430557
430558
430559
430560
430561
430562
430563
430564
430565
430566
430567
430569
430570
430571
430572
430573
430574
430575
430576
430577
430578
430579
430580
430581
430582
430583
430584
430585
430586
430588
430589
430590
430592
430593
430594
430595
430596
430597
430600
430601
430602
430604
430607
430609
430610
430611
430612
430613
430615
430616
430617
430619
430620
430621
430622
430623
430626
430627
430629
430630
430632
430634
430635
430636
430637
430638
430639
430640
430641
430642
430644
430645
430646
430647
430649
430650
430651
430652
430653
430655
430656
430657
430658
430659
430660
430661
430662
430663
430664
430665
430666
430667
430668
430669
430670
430671
430672
430673
430674
430675
430676
430677
430680
430682
430683
430684
430685
430686
430687
430689
430690
430692
430694
430695
430696
430697
430698
430699
430700
430701
430703
430704
430706
430709
430712
430714
430715
430716
430717
430718
430719
430722
430723
430724
430725
430726
430727
430728
430729
430730
430731
430732
430733
430734
430735
430736
430737
430738
430741
430742
430743
430744
430745
430746
430747
430748
430749
430751
430753
430755
430756
430757
430758
430759
430761
430762
430763
430764
830765
830767
830768
830769
830770
830771
830772
830773
830774
830775
830776
830777
830778
830779
830780
830781
830782
830783
830784
830785
830786
830787
830789
830790
830791
830792
830793
830794
830795
830796
830797
830798
830799
830800
830801
830802
830803
830806
830807
830809
830810
830812
830813
830814
830815
830817
830818
830819
830821
830823
830824
830825
830827
830828
830829
830830
830832
830833
830834
830835
830836
830837
830839
830840
830841
830842
830843
830844
830845
830846
830847
830848
830849
830850
830851
830852
830853
830855
830856
830857
830859
830860
830861
830862
830863
830864
830865
830866
830867
830868
830870
830871
830872
830873
830874
830875
830876
830877
830878
830879
830880
830881
830882
830883
830884
830885
830886
830887
830888
830889
830890
830891
830892
830893
830894
830896
830898
830899
830900
830901
830902
830903
830904
830905
830906
830907
830908
830910
830911
830913
830914
830915
830916
830917
830918
830919
830920
830921
830922
830923
830924
830925
830926
830927
830928
830929
830930
830931
830932
830933
830934
830935
830936
830937
830938
830939
830940
830941
830942
830943
830944
830945
830946
830947
830949
830950
830952
830953
830954
830955
830957
830958
830959
830961
830962
830964
830965
830966
830969
830970
830971
830972
830974
830975
830976
830978
830980
830981
830982
830983
830984
830985
830986
830987
830988
830990
830991
830992
830993
830994
830995
830996
830997
830998
830999
831001
831002
831003
831004
831005
831006
831007
831009
831010
831011
831013
831014
831015
831016
831018
831019
831021
831022
831023
831025
831026
831027
831028
831029
831030
831031
831032
831033
831034
831035
831036
831038
831039
831040
831042
831043
831045
831046
831047
831048
831049
831050
831051
831052
831053
831054
831055
831057
831058
831059
831060
831061
831062
831063
831064
831065
831066
831067
831068
831070
831071
831072
831073
831074
831075
831076
831078
831080
831081
831083
831084
831085
831087
831090
831091
831092
831093
831094
831095
831096
831097
831098
831099
831100
831101
831102
831104
831106
831107
831108
831109
831110
831111
831112
831113
831114
831115
831116
831118
831119
831121
831122
831123
831124
831126
831128
831129
831130
831131
831132
831133
831134
831136
831137
831139
831140
831142
831143
831144
831146
831148
831149
831150
831151
831152
831153
831154
831155
831156
831159
831160
831161
831162
831163
831165
831166
831167
831168
831169
831171
831172
831173
831174
831175
831176
831177
831178
831179
831181
831182
831183
831184
831185
831186
831187
831188
831190
831191
831193
831194
831195
831197
831198
831199
831200
831201
831203
831204
831205
831206
831207
831208
831209
831211
831212
831213
831216
831217
831218
831220
831221
831222
831225
831226
831227
831228
831229
831230
831231
831232
831233
831234
831235
831236
831237
831239
831240
831241
831242
831243
831244
831246
831247
831248
831249
831251
831252
831253
831254
831255
831259
831260
831261
831262
831264
831265
831266
831268
831269
831270
831271
831272
831273
831274
831275
831276
831278
831280
831281
831282
831283
831284
831285
831286
831287
831288
831289
831290
831291
831292
831293
831294
831296
831297
831299
831300
831302
831303
831304
831305
831306
831307
831308
831309
831311
831312
831313
831315
831316
831317
831318
831319
831320
831321
831322
831323
831324
831325
831326
831327
831328
831330
831331
831332
831334
831335
831336
831337
831338
831339
831340
831341
831342
831343
831344
831345
831346
831348
831349
831350
831351
831353
831354
831355
831356
831357
831358
831359
831360
831361
831362
831363
831364
831365
831366
831367
831368
831369
831370
831372
831373
831374
831376
831378
831379
831380
831382
831383
831384
831385
831386
831387
831389
831390
831391
831392
831394
831395
831396
831397
831398
831399
831401
831402
831403
831404
831405
831406
831408
831409
831410
831412
831413
831414
831415
831416
831417
831418
831419
831421
831422
831423
831424
831425
831428
831431
831433
831434
831436
831438
831439
831440
831441
831442
831443
831445
831446
831448
831449
831450
831451
831452
831453
831454
831455
831456
831457
831459
831460
831461
831462
831463
831464
831465
831466
831467
831469
831470
831472
831474
831475
831476
831477
831478
831479
831480
831481
831482
831483
831484
831485
831486
831487
831490
831491
831492
831493
831495
831496
831497
831500
831501
831502
831503
831504
831507
831509
831510
831511
831512
831513
831514
831515
831516
831518
831519
831520
831521
831522
831523
831524
831525
831526
831527
831528
831529
831532
831533
831534
831536
831537
831538
831539
831540
831541
831545
831546
831548
831550
831552
831553
831554
831555
831556
831557
831558
831561
831562
831563
831564
831565
831566
831567
831568
831569
831570
831571
831572
831574
831575
831576
831577
831578
831579
831581
831583
831584
831585
831586
831587
831588
831589
831590
831591
831592
831593
831594
831595
831596
831598
831599
831601
831602
831603
831604
831605
831606
831607
831608
831609
831611
831613
831614
831615
831616
831618
831619
831620
831621
831622
831623
831624
831625
831626
831627
831629
831631
831632
831633
831634
831635
831636
831637
831638
831640
831641
831642
831643
831646
831647
831649
831650
831651
831654
831655
831657
831658
831660
831661
831662
831663
831664
831666
831667
831668
831669
831670
831671
831672
831673
831674
831675
831676
831677
831678
831679
831680
831682
831684
831685
831686
831687
831688
831689
831690
831691
831693
831694
831696
831697
831698
831699
831700
831701
831702
831703
831704
831705
831706
831707
831708
831709
831710
831711
831714
831716
831717
831718
831719
831720
831721
831722
831723
831724
831725
831726
831727
831728
831730
831732
831734
831736
831737
831738
831739
831740
831741
831742
831743
831744
831745
831746
831747
831748
831749
831750
831751
831752
831753
831754
831755
831756
831757
831758
831759
831760
831763
831764
831765
831766
831767
831768
831769
831770
831771
831772
831773
831774
831776
831777
831778
831779
831782
831783
831784
831787
831788
831789
831790
831791
831793
831794
831797
831798
831799
831800
831801
831802
831803
831804
831805
831806
831807
831808
831810
831813
831814
831815
831816
831817
831818
831819
831820
831821
831822
831823
831824
831826
831827
831828
831829
831830
831831
831832
831833
831834
831835
831836
831837
831838
831839
831840
831841
831842
831843
831844
831846
831847
831849
831850
831851
831852
831853
831854
831855
831856
831858
831860
831862
831865
831866
831867
831869
831870
831872
831873
831874
831875
831876
831877
831878
831879
831880
831881
831882
831884
831885
831886
831887
831888
831890
831891
831892
831893
831894
831895
831896
831897
831898
831900
831902
831904
831906
831907
831909
831910
831911
831912
831913
831915
831916
831917
831918
831919
831921
831922
831923
831924
831925
831926
831927
831928
831929
831931
831932
831933
831934
831935
831936
831937
831938
831940
831941
831942
831943
831944
831945
831946
831947
831948
831951
831952
831953
831954
831955
831956
831957
831958
831959
831960
831961
831962
831963
831964
831968
831969
831970
831971
831972
831973
831974
831975
831978
831979
831981
831982
831983
831984
831985
831986
831987
831988
831989
831990
831991
831992
831993
831994
831995
831996
831997
831999
832000
832001
832002
832003
832004
832005
832006
832007
832008
832009
832010
832012
832013
832014
832017
832018
832019
832021
832022
832023
832025
832026
832027
832028
832029
832030
832032
832033
832035
832036
832037
832038
832039
832040
832041
832042
832043
832044
832045
832046
832047
832048
832049
832050
832052
832053
832054
832055
832056
832057
832058
832059
832060
832061
832062
832063
832064
832067
832068
832069
832070
832071
832072
832073
832075
832076
832077
832078
832080
832081
832082
832083
832084
832085
832086
832088
832089
832091
832093
832094
832095
832100
832101
832103
832105
832107
832108
832109
832110
832111
832113
832114
832115
832116
832117
832118
832119
832120
832121
832124
832125
832126
832127
832128
832129
832130
832131
832132
832133
832134
832135
832136
832138
832139
832141
832142
832144
832145
832146
832147
832149
832151
832152
832155
832163
832164
832166
832167
832171
832172
832173
832174
832175
832176
832177
832178
832179
832181
832184
832185
832186
832188
832189
832190
832191
832195
832196
832198
832199
832201
832203
832204
832205
832206
832207
832208
832209
832211
832212
832213
832214
832215
832216
832217
832219
832220
832221
832222
832223
832225
832226
832227
832228
832229
832230
832231
832232
832233
832234
832236
832237
832238
832239
832240
832241
832244
832246
832247
832248
832249
832250
832251
832252
832253
832254
832255
832256
832257
832258
832259
832260
832261
832262
832263
832264
832265
832266
832267
832270
832271
832272
832273
832274
832275
832276
832277
832278
832280
832281
832282
832283
832285
832286
832289
832290
832291
832292
832293
832294
832296
832297
832298
832299
832301
832302
832303
832304
832305
832307
832308
832309
832310
832311
832312
832314
832315
832316
832317
832318
832319
832320
832321
832323
832325
832326
832327
832329
832331
832332
832334
832335
832336
832337
832339
832340
832341
832343
832344
832345
832346
832347
832350
832351
832352
832353
832354
832355
832356
832357
832358
832359
832360
832363
832364
832366
832367
832368
832369
832370
832372
832373
832375
832377
832378
832379
832380
832381
832382
832383
832385
832386
832388
832389
832390
832391
832393
832394
832395
832397
832398
832399
832400
832401
832402
832403
832404
832405
832406
832407
832409
832410
832412
832414
832415
832416
832417
832418
832419
832420
832421
832422
832423
832424
832425
832427
832428
832430
832431
832432
832434
832435
832436
832437
832438
832439
832440
832441
832444
832445
832447
832449
832452
832453
832455
832456
832457
832458
832459
832460
832461
832462
832463
832464
832465
832466
832467
832468
832469
832470
832471
832472
832473
832474
832475
832476
832477
832478
832479
832480
832481
832482
832483
832484
832486
832488
832489
832491
832492
832493
832494
832495
832496
832497
832499
832501
832502
832503
832504
832505
832506
832507
832508
832509
832510
832511
832513
832515
832516
832517
832518
832519
832520
832521
832522
832524
832527
832528
832529
832531
832532
832533
832534
832535
832537
832538
832539
832540
832541
832542
832543
832545
832546
832547
832548
832550
832553
832554
832555
832556
832557
832558
832559
832560
832562
832563
832565
832566
832567
832568
832569
832570
832571
832572
832573
832574
832575
832576
832577
832579
832581
832583
832584
832585
832586
832588
832590
832591
832592
832593
832594
832595
832596
832597
832599
832600
832601
832602
832603
832605
832606
832607
832608
832609
832611
832613
832614
832615
832616
832620
832621
832622
832623
832624
832626
832627
832629
832630
832634
832635
832636
832637
832638
832641
832642
832643
832644
832645
832646
832647
832648
832649
832650
832651
832652
832653
832654
832655
832656
832657
832658
832660
832661
832662
832664
832665
832666
832667
832669
832670
832671
832672
832673
832674
832676
832679
832682
832684
832685
832686
832687
832689
832690
832693
832694
832695
832696
832697
832698
832699
832702
832703
832704
832705
832707
832709
832710
832711
832712
832713
832714
832715
832718
832719
832720
832721
832722
832723
832724
832725
832727
832728
832730
832731
832732
832734
832735
832736
832737
832738
832739
832740
832741
832742
832743
832746
832748
832749
832750
832751
832753
832754
832755
832756
832757
832761
832762
832763
832764
832765
832767
832769
832770
832771
832773
832774
832776
832777
832778
832779
832780
832781
832782
832783
832784
832785
832786
832787
832789
832790
832791
832792
832793
832794
832796
832798
832799
832800
832802
832803
832804
832806
832807
832809
832811
832813
832814
832815
832816
832817
832819
832822
832825
832828
832830
832832
832833
832834
832835
832836
832837
832839
832842
832844
832847
832848
832849
832850
832852
832853
832854
832855
832858
832859
832860
832861
832862
832863
832864
832866
832867
832869
832871
832872
832873
832874
832875
832876
832878
832879
832880
832881
832882
832883
832884
832885
832886
832888
832889
832890
832891
832893
832894
832895
832896
832898
832899
832900
832902
832903
832905
832906
832907
832909
832910
832911
832912
832913
832914
832915
832916
832917
832918
832919
832920
832923
832924
832925
832926
832927
832928
832929
832930
832932
832934
832935
832936
832937
832938
832942
832943
832944
832946
832947
832948
832950
832951
832952
832953
832954
832955
832956
832958
832959
832960
832963
832964
832965
832966
832968
832970
832971
832972
832973
832974
832975
832978
832980
832981
832982
832984
832985
832986
832987
832988
832989
832990
832992
832994
832996
832997
833000
833001
833003
833004
833006
833009
833011
833012
833014
833015
833016
833018
833020
833022
833023
833024
833028
833029
833030
833032
833033
833035
833036
833037
833040
833041
833042
833043
833044
833046
833047
833050
833051
833052
833053
833055
833057
833058
833059
833060
833062
833063
833064
833065
833067
833068
833069
833070
833072
833073
833074
833075
833076
833077
833082
833084
833086
833088
833089
833091
833093
833096
833098
833099
833100
833104
833105
833106
833107
833110
833111
833112
833113
833114
833115
833118
833119
833120
833122
833124
833126
833127
833129
833132
833134
833135
833136
833137
833139
833146
833151
833153
833154
833155
833157
833158
833159
833160
833161
833162
833164
833165
833166
833167
833168
833170
833171
833172
833173
833175
833176
833177
833179
833181
833182
833183
833184
833185
833186
833187
833188
833189
833191
833196
833197
833198
833199
833200
833201
833202
833204
833205
833207
833208
833210
833211
833212
833213
833214
833217
833218
833219
833221
833222
833224
833225
833226
833227
833228
833230
833233
833234
833236
833238
833239
833240
833242
833243
833244
833245
833246
833248
833250
833251
833252
833255
833256
833260
833262
833263
833265
833266
833267
833268
833269
833272
833273
833275
833276
833277
833278
833279
833280
833281
833282
833284
833285
833286
833287
833288
833290
833291
833292
833295
833297
833298
833300
833301
833302
833303
833305
833306
833307
833308
833310
833311
833312
833313
833314
833315
833316
833318
833319
833320
833324
833325
833329
833330
833331
833332
833333
833334
833338
833339
833340
833341
833342
833345
833346
833347
833348
833349
833351
833355
833356
833357
833363
833365
833366
833367
833369
833370
833371
833374
833376
833377
833378
833379
833381
833382
833383
833385
833386
833387
833388
833390
833391
833393
833394
833395
833396
833397
833399
833402
833404
833407
833408
833410
833412
833414
833415
833419
833420
833421
833422
833423
833424
833426
833427
833428
833429
833430
833431
833432
833433
833434
833435
833438
833439
833440
833441
833442
833443
833444
833446
833447
833449
833450
833451
833453
833454
833455
833457
833458
833462
833464
833465
833466
833467
833468
833470
833472
833473
833474
833475
833476
833477
833478
833479
833480
833481
833482
833483
833484
833485
833486
833487
833489
833490
833491
833492
833493
833494
833495
833496
833497
833499
833500
833502
833503
833504
833505
833506
833507
833509
833510
833514
833515
833517
833518
833519
833522
833523
833524
833526
833528
833529
833530
833531
833532
833533
833534
833535
833538
833539
833541
833542
833543
833546
833547
833548
833549
833552
833553
833555
833556
833557
833558
833559
833560
833562
833563
833565
833566
833567
833568
833569
833570
833571
833572
833573
833574
833575
833576
833579
833580
833582
833585
833586
833588
833590
833594
833595
833596
833599
833600
833603
833604
833605
833606
833608
833609
833610
833611
833612
833613
833614
833615
833616
833617
833618
833619
833620
833622
833623
833624
833627
833628
833629
833631
833632
833636
833637
833640
833642
833644
833645
833646
833648
833649
833650
833651
833652
833653
833654
833655
833656
833657
833658
833659
833660
833662
833663
833664
833665
833668
833669
833670
833671
833672
833675
833676
833678
833680
833681
833682
833683
833684
833686
833687
833689
833691
833693
833694
833696
833697
833699
833700
833701
833703
833704
833705
833706
833707
833710
833711
833712
833713
833715
833716
833717
833719
833720
833722
833723
833724
833726
833727
833730
833731
833733
833734
833735
833736
833737
833740
833741
833742
833743
833745
833746
833747
833748
833750
833751
833753
833755
833757
833760
833762
833763
833764
833765
833767
833768
833769
833770
833772
833774
833777
833778
833779
833781
833782
833783
833784
833785
833786
833789
833790
833791
833795
833796
833801
833802
833804
833807
833808
833809
833810
833811
833813
833814
833815
833816
833818
833819
833821
833822
833823
833824
833825
833827
833828
833830
833831
833832
833833
833835
833836
833837
833838
833839
833840
833842
833843
833844
833846
833847
833848
833849
833851
833852
833855
833857
833858
833859
833861
833863
833864
833865
833866
833867
833869
833870
833871
833872
833873
833874
833876
833877
833880
833881
833882
833884
833886
833887
833888
833889
833892
833893
833896
833898
833899
833901
833902
833903
833906
833907
833908
833909
833914
833918
833921
833922
833923
833924
833925
833927
833928
833929
833930
833932
833934
833935
833936
833937
833938
833939
833941
833943
833944
833945
833947
833949
833953
833954
833955
833956
833960
833961
833962
833963
833965
833966
833967
833969
833970
833971
833972
833976
833977
833978
833979
833980
833981
833982
833983
833984
833985
833987
833988
833991
833993
833994
833995
833996
833997
833998
833999
834000
834001
834002
834003
834004
834005
834008
834010
834012
834013
834014
834016
834017
834018
834019
834020
834021
834022
834026
834027
834031
834033
834036
834037
834038
834040
834041
834042
834043
834044
834045
834046
834047
834048
834049
834050
834051
834054
834056
834058
834060
834062
834063
834065
834066
834067
834068
834069
834071
834072
834073
834076
834077
834078
834080
834081
834082
834083
834084
834085
834086
834087
834088
834089
834090
834092
834094
834095
834096
834100
834101
834102
834104
834105
834106
834107
834109
834110
834111
834113
834114
834115
834117
834118
834120
834121
834122
834123
834125
834126
834128
834129
834132
834134
834135
834136
834137
834138
834139
834142
834143
834144
834146
834147
834149
834150
834151
834152
834155
834156
834157
834162
834166
834167
834168
834169
834170
834171
834176
834177
834178
834179
834180
834182
834183
834184
834185
834187
834189
834191
834192
834193
834194
834195
834196
834198
834199
834202
834203
834205
834209
834211
834212
834213
834214
834216
834217
834218
834219
834221
834222
834223
834224
834225
834227
834231
834232
834233
834234
834235
834236
834237
834239
834240
834241
834242
834243
834248
834249
834250
834252
834253
834255
834256
834257
834258
834259
834260
834261
834262
834263
834264
834266
834267
834269
834270
834274
834276
834277
834278
834281
834282
834283
834284
834288
834289
834290
834292
834293
834294
834295
834296
834298
834299
834300
834302
834303
834304
834306
834307
834308
834311
834312
834314
834315
834316
834319
834322
834323
834324
834325
834326
834327
834328
834329
834330
834331
834334
834335
834338
834339
834340
834342
834343
834344
834345
834346
834347
834348
834350
834352
834353
834354
834357
834359
834361
834363
834365
834366
834367
834368
834369
834370
834371
834372
834373
834375
834376
834377
834378
834381
834382
834383
834384
834385
834386
834387
834388
834395
834396
834397
834399
834400
834401
834402
834404
834406
834407
834408
834410
834411
834412
834414
834415
834416
834418
834420
834421
834422
834424
834425
834426
834428
834429
834431
834432
834433
834434
834438
834439
834440
834442
834443
834445
834446
834447
834450
834452
834453
834454
834458
834461
834462
834463
834464
834465
834466
834467
834468
834469
834470
834473
834475
834476
834477
834478
834479
834482
834483
834486
834487
834489
834490
834492
834494
834495
834496
834497
834498
834500
834503
834504
834506
834509
834510
834511
834515
834516
834517
834518
834519
834520
834521
834528
834529
834530
834531
834532
834533
834534
834536
834538
834539
834540
834542
834543
834544
834545
834546
834547
834548
834549
834551
834552
834553
834554
834557
834558
834559
834560
834561
834562
834563
834564
834565
834567
834568
834569
834572
834577
834578
834579
834580
834581
834582
834583
834584
834585
834587
834588
834590
834591
834592
834593
834594
834596
834599
834602
834605
834607
834608
834609
834611
834613
834614
834616
834617
834618
834619
834620
834621
834623
834624
834625
834626
834627
834628
834629
834630
834631
834636
834637
834638
834639
834641
834642
834643
834644
834646
834648
834649
834650
834653
834654
834656
834657
834658
834661
834662
834664
834667
834668
834670
834672
834675
834676
834677
834678
834679
834681
834682
834683
834684
834685
834686
834687
834688
834689
834690
834691
834692
834693
834694
834696
834699
834700
834701
834702
834703
834705
834706
834707
834711
834712
834713
834714
834715
834716
834718
834720
834721
834722
834723
834726
834727
834728
834729
834730
834731
834732
834734
834737
834738
834740
834741
834743
834747
834748
834751
834752
834755
834756
834757
834759
834760
834761
834762
834763
834764
834765
834766
834767
834768
834770
834772
834773
834774
834775
834776
834777
834779
834780
834781
834782
834783
834784
834785
834786
834790
834791
834792
834793
834794
834795
834797
834798
834799
834800
834802
834803
834804
834806
834808
834810
834811
834812
834814
834815
834817
834818
834819
834822
834823
834824
834826
834827
834828
834831
834832
834833
834834
834837
834838
834839
834840
834843
834845
834846
834848
834849
834851
834853
834856
834857
834859
834860
834862
834863
834865
834866
834868
834871
834872
834873
834874
834876
834877
834878
834879
834881
834882
834883
834884
834885
834886
834887
834888
834889
834890
834891
834892
834893
834894
834895
834896
834898
834900
834902
834909
834911
834912
834913
834914
834915
834916
834919
834920
834921
834924
834925
834926
834927
834928
834933
834934
834935
834937
834938
834939
834940
834943
834945
834948
834950
834951
834952
834953
834954
834956
834958
834959
834960
834961
834963
834965
834966
834967
834971
834972
834974
834975
834976
834977
834978
834979
834982
834983
834985
834989
834990
834992
834996
834997
835000
835002
835003
835004
835007
835008
835011
835013
835014
835015
835017
835019
835020
835021
835025
835026
835027
835031
835032
835033
835034
835035
835037
835040
835041
835042
835043
835044
835045
835046
835047
835048
835049
835050
835051
835052
835056
835057
835058
835059
835061
835062
835063
835066
835067
835068
835070
835071
835072
835073
835074
835075
835076
835077
835080
835081
835084
835085
835086
835087
835091
835092
835093
835094
835096
835097
835098
835101
835102
835104
835105
835106
835107
835108
835109
835111
835112
835115
835117
835118
835119
835120
835122
835123
835124
835126
835128
835130
835131
835133
835134
835135
835136
835138
835141
835142
835143
835146
835147
835152
835155
835156
835157
835159
835161
835163
835164
835165
835168
835169
835171
835173
835174
835175
835176
835177
835179
835180
835181
835182
835184
835185
835186
835187
835189
835190
835191
835192
835193
835195
835196
835197
835198
835199
835202
835203
835205
835206
835207
835208
835210
835211
835212
835213
835215
835217
835218
835220
835222
835223
835224
835227
835228
835230
835231
835232
835233
835234
835236
835237
835240
835242
835244
835245
835246
835248
835250
835256
835257
835258
835259
835262
835263
835265
835266
835269
835270
835272
835274
835278
835280
835281
835282
835283
835285
835286
835287
835290
835291
835292
835293
835295
835296
835297
835298
835299
835300
835301
835302
835303
835304
835305
835306
835307
835309
835311
835312
835314
835316
835317
835318
835319
835322
835323
835325
835328
835329
835330
835331
835332
835333
835334
835335
835338
835340
835341
835342
835343
835346
835347
835351
835352
835353
835354
835359
835361
835362
835363
835364
835365
835367
835368
835369
835370
835371
835372
835373
835374
835375
835376
835377
835379
835380
835381
835382
835383
835384
835387
835389
835391
835392
835393
835394
835395
835398
835401
835405
835409
835410
835411
835412
835414
835415
835416
835417
835418
835419
835421
835423
835425
835426
835427
835428
835429
835430
835431
835432
835434
835435
835437
835438
835439
835440
835441
835442
835443
835445
835446
835447
835448
835450
835451
835452
835453
835454
835457
835460
835461
835462
835463
835469
835471
835473
835474
835475
835476
835478
835479
835483
835487
835488
835490
835491
835492
835494
835495
835496
835498
835499
835500
835501
835503
835504
835505
835506
835508
835509
835510
835511
835512
835513
835514
835517
835518
835519
835521
835525
835526
835527
835528
835530
835532
835533
835534
835536
835538
835539
835540
835541
835542
835544
835545
835546
835548
835549
835553
835554
835555
835556
835558
835563
835564
835565
835566
835567
835568
835570
835572
835574
835578
835579
835581
835582
835584
835586
835587
835590
835591
835595
835596
835597
835598
835599
835600
835601
835602
835605
835606
835608
835609
835611
835614
835616
835618
835620
835621
835622
835623
835624
835626
835627
835628
835629
835630
835631
835632
835633
835634
835635
835636
835637
835640
835641
835642
835645
835647
835648
835651
835654
835655
835657
835659
835662
835663
835665
835666
835667
835669
835670
835672
835675
835678
835679
835680
835681
835682
835683
835684
835685
835688
835690
835691
835692
835693
835695
835697
835698
835702
835705
835707
835708
835709
835711
835714
835717
835718
835719
835721
835723
835725
835726
835727
835728
835729
835735
835737
835738
835742
835743
835746
835748
835749
835751
835753
835754
835755
835756
835757
835759
835760
835762
835763
835764
835765
835769
835773
835775
835776
835778
835779
835782
835784
835785
835786
835787
835788
835789
835790
835791
835792
835793
835795
835798
835800
835801
835803
835804
835805
835806
835808
835811
835812
835813
835814
835816
835817
835818
835819
835820
835821
835822
835823
835824
835827
835829
835830
835833
835834
835835
835837
835838
835839
835841
835842
835843
835845
835847
835848
835849
835850
835851
835852
835853
835854
835856
835857
835859
835860
835861
835862
835863
835865
835871
835872
835875
835877
835878
835879
835880
835881
835883
835886
835887
835888
835889
835890
835891
835892
835894
835896
835897
835898
835899
835900
835901
835902
835903
835906
835907
835909
835910
835911
835912
835913
835914
835919
835921
835922
835924
835925
835926
835927
835929
835930
835935
835936
835939
835940
835941
835942
835944
835945
835946
835947
835948
835949
835950
835952
835953
835957
835959
835960
835961
835963
835965
835966
835967
835968
835969
835970
835973
835974
835977
835979
835980
835982
835983
835984
835985
835986
835987
835989
835990
835991
835992
835993
835995
835996
835997
836001
836002
836004
836005
836007
836008
836011
836012
836014
836015
836016
836019
836020
836021
836024
836027
836028
836029
836030
836032
836033
836035
836036
836039
836041
836042
836043
836044
836045
836047
836050
836051
836052
836055
836056
836058
836059
836061
836062
836064
836066
836068
836070
836072
836073
836075
836076
836077
836078
836079
836080
836081
836084
836085
836088
836089
836090
836091
836093
836098
836099
836100
836103
836104
836106
836108
836109
836110
836111
836112
836113
836115
836116
836117
836118
836120
836122
836123
836125
836126
836127
836128
836129
836131
836132
836134
836136
836137
836138
836139
836140
836143
836144
836145
836148
836149
836151
836152
836153
836155
836156
836157
836159
836160
836161
836162
836163
836164
836166
836167
836168
836170
836171
836172
836178
836179
836180
836181
836182
836183
836184
836185
836186
836188
836189
836190
836191
836192
836193
836194
836195
836196
836200
836202
836203
836205
836206
836208
836209
836210
836212
836213
836215
836216
836217
836218
836220
836221
836224
836225
836226
836227
836228
836230
836231
836232
836234
836235
836236
836237
836238
836239
836241
836245
836247
836248
836249
836253
836254
836255
836256
836257
836258
836259
836260
836261
836262
836263
836264
836265
836266
836267
836268
836270
836271
836273
836274
836275
836276
836277
836278
836279
836281
836284
836286
836287
836289
836290
836291
836292
836295
836296
836297
836300
836301
836302
836303
836305
836306
836310
836311
836312
836313
836314
836315
836316
836318
836319
836321
836324
836325
836327
836328
836329
836330
836331
836332
836333
836335
836337
836338
836339
836340
836342
836343
836344
836346
836347
836348
836349
836350
836352
836353
836355
836357
836358
836360
836361
836362
836363
836364
836365
836366
836368
836369
836371
836372
836373
836374
836376
836377
836378
836379
836380
836381
836382
836384
836385
836386
836387
836388
836389
836390
836391
836392
836395
836396
836397
836399
836400
836401
836402
836404
836405
836406
836407
836408
836409
836410
836413
836414
836415
836416
836417
836418
836419
836421
836422
836425
836426
836432
836433
836434
836435
836437
836438
836439
836440
836442
836443
836444
836447
836448
836450
836451
836452
836453
836455
836456
836458
836459
836460
836462
836464
836466
836467
836468
836472
836473
836474
836475
836476
836477
836478
836479
836482
836486
836487
836490
836491
836492
836498
836499
836502
836503
836504
836505
836507
836508
836509
836512
836514
836518
836521
836523
836528
836529
836530
836531
836533
836534
836536
836537
836540
836542
836544
836545
836547
836548
836549
836550
836552
836554
836555
836556
836557
836559
836560
836562
836563
836568
836569
836570
836571
836572
836573
836575
836577
836578
836579
836580
836581
836583
836584
836585
836588
836589
836590
836591
836592
836594
836595
836596
836597
836598
836599
836601
836602
836603
836605
836606
836607
836608
836609
836610
836611
836612
836613
836614
836617
836618
836619
836621
836623
836624
836625
836627
836629
836630
836631
836632
836635
836636
836638
836639
836640
836641
836642
836643
836645
836647
836649
836650
836651
836652
836653
836654
836655
836657
836658
836659
836660
836663
836665
836666
836667
836668
836669
836670
836674
836675
836678
836679
836680
836681
836682
836683
836686
836687
836688
836689
836690
836691
836692
836693
836694
836696
836697
836699
836701
836702
836703
836704
836708
836709
836711
836712
836714
836715
836717
836718
836719
836720
836721
836723
836724
836727
836728
836729
836730
836732
836733
836734
836735
836737
836738
836739
836741
836742
836743
836744
836745
836746
836753
836754
836755
836756
836757
836758
836759
836760
836761
836763
836767
836768
836769
836770
836771
836772
836774
836775
836777
836778
836779
836780
836781
836782
836783
836784
836785
836786
836790
836791
836792
836793
836794
836797
836799
836800
836801
836802
836803
836805
836807
836809
836810
836811
836812
836813
836816
836817
836818
836820
836823
836825
836826
836827
836828
836829
836830
836831
836834
836835
836836
836837
836838
836840
836842
836843
836845
836846
836847
836848
836851
836852
836853
836854
836855
836856
836858
836859
836860
836861
836863
836864
836865
836866
836867
836870
836871
836872
836874
836875
836876
836877
836879
836880
836881
836882
836883
836884
836885
836887
836888
836890
836891
836892
836893
836894
836895
836896
836898
836899
836903
836904
836906
836907
836908
836909
836910
836911
836912
836913
836915
836916
836917
836918
836924
836925
836926
836928
836930
836932
836933
836935
836939
836941
836942
836943
836944
836946
836947
836948
836949
836951
836953
836954
836955
836956
836957
836959
836960
836961
836963
836964
836966
836967
836968
836969
836972
836973
836974
836975
836976
836977
836978
836979
836981
836982
836984
836989
836991
836992
836993
836994
836996
836998
836999
837000
837003
837006
837008
837009
837011
837012
837013
837014
837017
837018
837019
837021
837022
837023
837024
837025
837026
837029
837032
837033
837034
837035
837036
837040
837041
837042
837044
837045
837046
837047
837050
837051
837052
837053
837057
837058
837059
837060
837062
837063
837064
837065
837066
837067
837069
837070
837072
837073
837074
837075
837078
837081
837083
837084
837085
837087
837089
837090
837092
837094
837095
837096
837098
837099
837104
837105
837106
837108
837109
837111
837112
837113
837115
837116
837118
837120
837121
837122
837123
837124
837125
837126
837128
837129
837132
837133
837134
837135
837136
837137
837138
837141
837143
837144
837145
837146
837147
837148
837150
837151
837152
837153
837157
837161
837166
837169
837173
837174
837175
837176
837177
837178
837179
837180
837181
837182
837183
837184
837185
837187
837189
837191
837193
837197
837198
837199
837200
837201
837205
837206
837207
837210
837211
837212
837215
837217
837219
837220
837221
837222
837224
837225
837226
837227
837228
837230
837231
837232
837233
837236
837237
837238
837240
837242
837245
837247
837248
837249
837251
837252
837253
837254
837256
837259
837260
837261
837263
837264
837266
837267
837268
837269
837270
837271
837272
837273
837274
837276
837277
837281
837282
837283
837284
837287
837288
837289
837291
837294
837295
837296
837298
837299
837300
837301
837302
837303
837304
837305
837307
837308
837312
837313
837314
837317
837318
837319
837320
837321
837322
837323
837324
837326
837327
837328
837330
837331
837333
837334
837336
837339
837340
837341
837343
837344
837345
837347
837348
837350
837351
837353
837355
837359
837362
837363
837368
837369
837370
837371
837372
837373
837375
837377
837378
837383
837384
837385
837387
837388
837389
837392
837393
837396
837399
837400
837401
837402
837403
837404
837405
837406
837407
837408
837409
837410
837412
837413
837416
837420
837421
837422
837423
837424
837425
837426
837427
837429
837430
837432
837433
837434
837435
837436
837438
837439
837441
837442
837443
837445
837447
837449
837450
837451
837453
837454
837455
837456
837457
837458
837459
837461
837466
837470
837472
837473
837474
837476
837477
837479
837480
837485
837487
837491
837492
837494
837496
837497
837498
837499
837500
837501
837503
837504
837506
837507
837508
837509
837510
837511
837512
837515
837516
837519
837521
837522
837523
837524
837525
837526
837527
837528
837529
837530
837531
837532
837533
837534
837535
837538
837540
837541
837542
837544
837545
837547
837548
837549
837550
837551
837552
837554
837555
837556
837557
837558
837559
837560
837561
837563
837564
837565
837566
837567
837569
837570
837572
837573
837574
837575
837576
837577
837578
837579
837580
837581
837582
837583
837585
837586
837588
837589
837591
837592
837593
837595
837597
837598
837599
837600
837601
837602
837605
837606
837607
837608
837609
837610
837611
837613
837614
837616
837617
837619
837620
837622
837623
837626
837627
837629
837630
837631
837632
837633
837634
837637
837638
837639
837640
837641
837644
837646
837647
837650
837651
837653
837654
837656
837660
837661
837662
837663
837664
837665
837666
837667
837668
837670
837671
837673
837674
837676
837678
837679
837680
837681
837682
837683
837684
837685
837687
837689
837690
837691
837692
837693
837694
837695
837696
837697
837698
837699
837701
837702
837703
837704
837706
837707
837709
837710
837711
837713
837714
837716
837717
837718
837719
837720
837721
837724
837725
837726
837728
837729
837733
837734
837736
837738
837739
837740
837741
837742
837743
837745
837746
837747
837748
837749
837752
837755
837758
837761
837762
837763
837766
837767
837768
837769
837770
837772
837773
837774
837777
837778
837779
837781
837782
837783
837784
837785
837786
837789
837793
837795
837796
837798
837801
837804
837806
837809
837810
837812
837814
837815
837816
837819
837821
837823
837826
837828
837831
837833
837834
837835
837836
837837
837838
837839
837840
837841
837844
837845
837846
837847
837851
837852
837853
837854
837855
837856
837857
837858
837862
837863
837864
837865
837866
837867
837868
837869
837870
837871
837873
837874
837875
837876
837877
837878
837879
837880
837881
837882
837884
837885
837887
837888
837889
837891
837892
837893
837894
837896
837898
837899
837902
837905
837906
837907
837912
837913
837914
837915
837916
837917
837918
837919
837920
837922
837925
837927
837928
837929
837930
837931
837932
837934
837935
837936
837937
837938
837939
837940
837941
837942
837944
837949
837950
837952
837953
837954
837955
837956
837961
837962
837963
837964
837965
837966
837967
837968
837969
837971
837972
837974
837976
837977
837978
837979
837980
837982
837983
837986
837987
837988
837989
837991
837993
837994
837995
837996
837997
837998
838002
838006
838008
838009
838010
838011
838012
838014
838017
838018
838019
838020
838021
838022
838023
838026
838027
838028
838029
838030
838031
838032
838033
838034
838036
838039
838040
838041
838042
838043
838045
838046
838047
838049
838050
838051
838053
838054
838058
838060
838062
838063
838064
838067
838068
838069
838070
838071
838072
838073
838075
838076
838078
838079
838080
838082
838087
838088
838089
838091
838092
838093
838094
838095
838096
838097
838099
838100
838102
838103
838104
838105
838107
838109
838112
838113
838114
838115
838116
838117
838118
838120
838121
838122
838123
838124
838125
838128
838129
838131
838133
838134
838137
838138
838140
838141
838143
838146
838149
838150
838152
838153
838154
838156
838158
838159
838160
838161
838162
838163
838164
838165
838166
838167
838168
838170
838171
838172
838174
838175
838176
838177
838179
838181
838182
838183
838184
838186
838187
838188
838190
838192
838194
838195
838196
838197
838199
838200
838202
838203
838204
838207
838208
838209
838210
838211
838213
838214
838221
838222
838224
838225
838226
838227
838228
838230
838232
838234
838235
838236
838238
838239
838240
838241
838242
838243
838244
838245
838246
838247
838248
838249
838250
838251
838256
838257
838260
838262
838263
838264
838265
838267
838268
838269
838271
838272
838273
838274
838275
838277
838278
838279
838280
838281
838282
838283
838284
838287
838288
838292
838293
838295
838296
838297
838298
838299
838300
838302
838303
838304
838306
838309
838310
838312
838313
838314
838316
838317
838319
838322
838324
838327
838328
838329
838330
838331
838332
838334
838335
838337
838338
838341
838342
838344
838346
838349
838351
838353
838354
838355
838357
838358
838362
838363
838364
838365
838366
838369
838372
838374
838376
838377
838378
838379
838381
838384
838385
838386
838387
838388
838392
838394
838395
838399
838400
838402
838404
838406
838408
838409
838410
838411
838413
838414
838415
838417
838418
838419
838420
838422
838425
838426
838428
838430
838432
838437
838438
838439
838440
838441
838443
838444
838448
838449
838450
838451
838452
838453
838455
838456
838457
838458
838460
838461
838462
838463
838464
838465
838467
838468
838469
838470
838471
838473
838474
838475
838476
838477
838478
838479
838480
838481
838482
838483
838484
838486
838487
838491
838497
838498
838499
838501
838502
838504
838506
838507
838508
838511
838512
838514
838515
838516
838517
838518
838519
838522
838523
838525
838526
838528
838529
838530
838531
838532
838533
838534
838535
838536
838537
838538
838540
838541
838542
838543
838544
838545
838546
838547
838548
838549
838550
838552
838553
838556
838557
838558
838559
838560
838561
838563
838564
838565
838566
838568
838569
838570
838571
838573
838574
838575
838576
838578
838580
838581
838582
838584
838585
838587
838589
838590
838593
838595
838596
838597
838598
838600
838602
838603
838604
838606
838607
838608
838612
838613
838615
838616
838618
838619
838620
838623
838624
838626
838628
838629
838630
838631
838632
838633
838635
838637
838638
838641
838642
838644
838645
838646
838647
838649
838650
838651
838653
838654
838655
838656
838659
838661
838662
838663
838664
838665
838667
838669
838670
838671
838672
838673
838675
838677
838678
838680
838682
838685
838686
838687
838689
838691
838693
838694
838696
838699
838701
838703
838704
838705
838706
838707
838708
838709
838712
838714
838716
838717
838721
838722
838723
838724
838726
838727
838728
838729
838730
838732
838735
838736
838737
838740
838741
838744
838749
838750
838752
838753
838754
838756
838757
838758
838760
838762
838763
838764
838766
838767
838768
838769
838770
838771
838772
838773
838774
838775
838777
838778
838779
838780
838781
838784
838786
838790
838791
838793
838795
838796
838798
838799
838800
838801
838802
838803
838804
838807
838808
838809
838810
838811
838812
838813
838814
838815
838816
838817
838819
838820
838822
838823
838825
838826
838828
838829
838830
838832
838834
838835
838837
838840
838841
838843
838846
838847
838849
838850
838852
838854
838855
838856
838857
838858
838861
838862
838865
838866
838868
838870
838872
838873
838874
838875
838877
838878
838879
838882
838883
838884
838892
838893
838894
838895
838897
838898
838899
838900
838901
838903
838905
838906
838907
838908
838909
838910
838911
838915
838916
838917
838919
838922
838924
838925
838927
838928
838931
838932
838933
838934
838936
838937
838939
838940
838941
838943
838944
838945
838946
838947
838949
838950
838951
838952
838953
838955
838956
838957
838958
838959
838961
838963
838964
838965
838966
838968
838970
838971
838972
838974
838975
838978
838979
838980
838981
838982
838983
838984
838987
838988
838989
838990
838992
838993
838994
838997
838998
839000
839001
839003
839005
839006
839007
839008
839009
839010
839012
839013
839016
839018
839020
839021
839022
839024
839027
839028
839029
839030
839031
839032
839033
839034
839035
839036
839037
839038
839041
839042
839043
839044
839045
839047
839049
839051
839054
839055
839056
839057
839058
839062
839063
839067
839068
839071
839072
839073
839074
839076
839077
839080
839081
839082
839083
839084
839085
839086
839089
839090
839092
839093
839097
839098
839099
839100
839101
839107
839109
839110
839112
839113
839114
839116
839118
839119
839120
839121
839122
839123
839125
839130
839131
839132
839133
839135
839137
839139
839140
839142
839143
839144
839145
839146
839147
839148
839149
839152
839153
839154
839155
839156
839158
839161
839163
839164
839166
839167
839168
839171
839173
839174
839175
839178
839180
839181
839182
839184
839185
839186
839187
839188
839189
839190
839191
839192
839193
839194
839195
839196
839197
839198
839199
839201
839202
839203
839204
839205
839206
839207
839208
839209
839210
839211
839212
839213
839214
839215
839216
839218
839220
839222
839223
839224
839226
839227
839228
839229
839230
839231
839232
839233
839234
839237
839238
839239
839240
839241
839242
839244
839245
839246
839249
839253
839254
839255
839258
839259
839260
839261
839262
839263
839264
839265
839266
839267
839268
839270
839271
839272
839273
839275
839276
839277
839278
839279
839281
839282
839284
839285
839286
839288
839289
839290
839291
839292
839295
839296
839297
839298
839299
839300
839302
839303
839304
839305
839306
839307
839308
839309
839310
839312
839313
839314
839315
839316
839317
839318
839319
839321
839322
839323
839324
839325
839326
839327
839328
839330
839332
839333
839334
839335
839339
839340
839341
839342
839343
839344
839345
839346
839347
839348
839350
839351
839353
839354
839355
839356
839357
839358
839360
839362
839363
839364
839365
839366
839367
839368
839369
839370
839371
839372
839373
839374
839376
839378
839379
839381
839383
839384
839385
839386
839387
839388
839389
839391
839392
839395
839398
839399
839401
839403
839405
839406
839408
839409
839410
839411
839412
839414
839415
839416
839417
839418
839420
839421
839423
839425
839426
839428
839429
839432
839433
839435
839438
839439
839440
839443
839444
839445
839446
839447
839448
839449
839450
839452
839453
839454
839455
839456
839457
839458
839459
839461
839463
839464
839465
839466
839468
839470
839472
839474
839475
839476
839477
839480
839481
839482
839483
839484
839485
839486
839487
839489
839490
839491
839493
839494
839496
839497
839499
839501
839502
839503
839505
839506
839507
839508
839509
839511
839513
839514
839515
839516
839517
839518
839519
839520
839521
839523
839524
839530
839531
839532
839535
839536
839537
839538
839539
839540
839544
839545
839546
839547
839548
839549
839550
839551
839552
839553
839554
839555
839556
839557
839558
839559
839560
839561
839562
839563
839565
839566
839567
839568
839572
839573
839574
839575
839578
839579
839581
839582
839583
839584
839585
839587
839588
839589
839591
839592
839593
839595
839596
839597
839599
839600
839601
839602
839605
839606
839607
839609
839610
839612
839613
839614
839615
839616
839618
839621
839622
839623
839624
839625
839629
839630
839631
839632
839633
839634
839635
839636
839637
839639
839640
839642
839643
839644
839645
839646
839647
839649
839651
839652
839654
839655
839656
839657
839658
839659
839660
839661
839663
839664
839665
839666
839667
839668
839672
839673
839674
839675
839676
839678
839679
839680
839681
839682
839683
839684
839685
839686
839691
839692
839694
839696
839697
839698
839699
839702
839703
839706
839707
839708
839709
839710
839711
839713
839715
839716
839717
839718
839719
839720
839722
839723
839724
839725
839726
839729
839730
839731
839732
839733
839734
839736
839737
839738
839740
839742
839743
839745
839746
839749
839750
839751
839752
839753
839754
839755
839756
839758
839759
839760
839761
839762
839764
839765
839766
839768
839769
839770
839771
839773
839774
839775
839776
839777
839778
839780
839782
839783
839785
839786
839788
839789
839790
839792
839793
839796
839797
839798
839799
839800
839801
839803
839804
839805
839806
839808
839809
839810
839813
839814
839815
839816
839817
839818
839819
839820
839821
839822
839824
839825
839826
839828
839830
839831
839832
839833
839834
839835
839836
839837
839838
839839
839840
839841
839842
839845
839847
839853
839854
839855
839856
839857
839858
839859
839862
839864
839865
839866
839867
839868
839870
839871
839874
839877
839879
839880
839881
839882
839883
839884
839885
839886
839888
839890
839892
839893
839894
839897
839898
839901
839903
839904
839905
839906
839907
839909
839910
839911
839912
839913
839914
839915
839917
839920
839922
839924
839926
839927
839928
839929
839930
839931
839934
839936
839937
839938
839939
839940
839942
839943
839944
839946
839949
839950
839951
839952
839953
839954
839955
839956
839958
839960
839962
839963
839964
839965
839966
839967
839969
839972
839977
839979
839980
839981
839982
839983
839984
839985
839986
839987
839988
839990
839991
839992
839993
839994
839996
839997
839998
839999
870000
870001
870002
870003
870004
870005
870006
870007
870008
870009
870010
870011
870013
870014
870015
870016
870019
870020
870021
870023
870024
870025
870026
870027
870029
870030
870031
870032
870033
870035
870036
870037
870040
870042
870043
870044
870046
870047
870049
870050
870051
870052
870053
870055
870056
870058
870061
870064
870065
870066
870067
870068
870069
870070
870071
870072
870073
870074
870078
870079
870080
870081
870082
870084
870086
870090
870092
870093
870095
870096
870098
870099
870100
870101
870102
870104
870107
870108
870109
870110
870111
870113
870114
870115
870116
870118
870119
870120
870122
870123
870125
870126
870127
870128
870130
870131
870134
870135
870138
870139
870140
870141
870142
870143
870144
870145
870146
870149
870150
870152
870153
870154
870156
870157
870158
870159
870160
870162
870164
870165
870166
870167
870168
870170
870171
870172
870173
870174
870175
870176
870177
870178
870179
870181
870182
870183
870186
870188
870190
870191
870192
870193
870194
870195
870196
870198
870199
870202
870204
870207
870208
870209
870210
870212
870213
870215
870216
870217
870218
870219
870220
870221
870223
870225
870227
870228
870229
870230
870231
870232
870233
870234
870235
870236
870238
870239
870240
870241
870242
870243
870244
870245
870246
870247
870248
870250
870251
870252
870253
870254
870255
870256
870257
870258
870259
870260
870261
870262
870263
870264
870268
870269
870270
870271
870273
870275
870276
870277
870278
870281
870282
870283
870284
870285
870286
870287
870288
870289
870291
870292
870293
870294
870295
870296
870298
870299
870300
870301
870302
870303
870304
870305
870307
870308
870309
870311
870312
870313
870316
870317
870318
870319
870320
870322
870323
870324
870325
870327
870328
870329
870331
870332
870333
870334
870335
870336
870337
870338
870339
870343
870344
870345
870346
870347
870348
870350
870351
870353
870354
870355
870356
870357
870358
870359
870361
870362
870363
870364
870365
870366
870367
870368
870369
870370
870371
870372
870374
870375
870376
870378
870381
870382
870383
870386
870387
870388
870389
870390
870394
870395
870396
870397
870398
870399
870401
870403
870404
870405
870406
870409
870411
870412
870415
870416
870417
870418
870419
870420
870421
870422
870426
870427
870428
870429
870430
870431
870432
870433
870436
870437
870438
870440
870441
870442
870443
870445
870446
870447
870448
870449
870450
870451
870452
870453
870454
870455
870456
870457
870458
870459
870460
870462
870465
870466
870470
870472
870474
870475
870476
870477
870478
870479
870480
870482
870483
870484
870485
870487
870488
870489
870490
870491
870492
870493
870494
870495
870496
870497
870498
870499
870500
870502
870505
870506
870507
870508
870509
870510
870511
870512
870513
870516
870517
870519
870520
870521
870522
870523
870524
870526
870527
870529
870530
870531
870532
870534
870535
870536
870538
870539
870541
870542
870543
870544
870545
870546
870547
870548
870549
870550
870551
870552
870553
870555
870556
870557
870558
870559
870566
870567
870570
870571
870572
870573
870574
870576
870577
870579
870580
870581
870583
870584
870585
870586
870587
870589
870591
870592
870593
870594
870596
870597
870598
870599
870600
870601
870602
870603
870604
870605
870607
870608
870609
870610
870611
870614
870615
870618
870619
870620
870621
870622
870623
870624
870625
870626
870627
870628
870629
870631
870632
870633
870635
870637
870640
870641
870642
870643
870644
870645
870646
870647
870649
870650
870651
870652
870653
870654
870656
870659
870660
870661
870662
870665
870667
870668
870669
870671
870673
870674
870675
870676
870678
870679
870681
870682
870684
870685
870686
870687
870689
870690
870691
870692
870693
870695
870696
870697
870701
870702
870703
870704
870705
870706
870707
870708
870710
870711
870712
870713
870714
870716
870717
870719
870720
870721
870722
870723
870724
870725
870726
870727
870728
870729
870730
870732
870733
870734
870736
870737
870738
870739
870740
870743
870746
870749
870751
870752
870753
870754
870756
870757
870758
870760
870761
870762
870764
870765
870766
870768
870769
870770
870771
870772
870773
870774
870775
870777
870779
870780
870781
870783
870784
870785
870786
870787
870788
870790
870792
870793
870795
870796
870797
870799
870800
870801
870802
870803
870804
870805
870806
870809
870810
870811
870812
870814
870815
870817
870818
870819
870820
870821
870822
870824
870825
870826
870827
870829
870830
870832
870833
870834
870836
870837
870838
870840
870841
870843
870844
870847
870848
870849
870851
870853
870854
870855
870856
870857
870858
870859
870860
870861
870862
870864
870866
870867
870868
870869
870870
870872
870873
870874
870875
870876
870877
870879
870880
870881
870882
870884
870885
870886
870887
870888
870889
870890
870891
870892
870893
870895
870896
870897
870899
870900
870902
870903
870905
870906
870908
870909
870911
870912
870914
870915
870916
870917
870919
870920
870923
870924
870925
870927
870928
870930
870931
870932
870933
870935
870936
870938
870940
870942
870944
870948
870950
870951
870952
870953
870954
870955
870956
870957
870958
870959
870960
870961
870962
870963
870965
870966
870967
870968
870970
870972
870973
870974
870975
870976
870978
870979
870980
870981
870982
870984
870985
870986
870988
870990
870991
870992
870993
870996
870997
870998
870999
871001
871002
871003
871005
871006
871008
871009
871012
871013
871014
871015
871016
871017
871018
871019
871020
871021
871022
871023
871024
871027
871028
871030
871031
871032
871033
871035
871036
871037
871039
871041
871042
871043
871044
871045
871047
871048
871049
871051
871053
871054
871055
871056
871057
871060
871061
871062
871063
871064
871067
871068
871069
871070
871071
871072
871073
871074
871075
871076
871077
871078
871080
871081
871082
871084
871085
871086
871087
871088
871089
871090
871091
871092
871093
871094
871095
871097
871098
871099
871100
871101
871102
871105
871107
871108
871109
871110
871112
871113
871114
871115
871117
871119
871120
871121
871122
871123
871124
871125
871126
871127
871129
871131
871132
871133
871135
871136
871137
871138
871139
871140
871141
871142
871143
871144
871147
871148
871149
871153
871155
871157
871158
871159
871160
871161
871163
871165
871166
871167
871168
871169
871170
871171
871172
871173
871174
871175
871176
871177
871178
871179
871181
871182
871183
871184
871185
871186
871188
871189
871190
871191
871192
871194
871195
871196
871197
871198
871199
871200
871201
871206
871207
871210
871212
871215
871218
871219
871221
871222
871223
871225
871226
871228
871229
871230
871231
871232
871234
871235
871236
871237
871239
871241
871242
871243
871244
871245
871247
871248
871249
871250
871251
871252
871253
871254
871255
871256
871257
871258
871260
871261
871262
871263
871264
871265
871267
871269
871271
871272
871274
871275
871276
871278
871279
871280
871281
871282
871283
871284
871285
871287
871288
871289
871290
871291
871292
871294
871295
871296
871297
871298
871299
871301
871302
871304
871305
871306
871307
871308
871310
871311
871312
871313
871314
871315
871317
871318
871320
871322
871323
871324
871325
871326
871327
871329
871330
871331
871332
871334
871335
871336
871337
871338
871339
871340
871341
871342
871343
871344
871346
871347
871348
871349
871350
871351
871352
871353
871354
871356
871357
871358
871359
871360
871361
871362
871364
871365
871366
871368
871369
871370
871371
871372
871373
871374
871376
871378
871380
871381
871382
871383
871384
871386
871388
871391
871392
871393
871394
871395
871396
871397
871398
871399
871400
871401
871402
871403
871404
871405
871406
871408
871409
871410
871411
871412
871413
871414
871415
871416
871417
871418
871419
871420
871421
871423
871424
871425
871426
871427
871429
871430
871432
871433
871435
871436
871438
871440
871441
871444
871445
871446
871447
871449
871450
871451
871453
871455
871456
871457
871458
871459
871460
871461
871462
871465
871466
871467
871468
871469
871470
871471
871472
871473
871474
871475
871476
871477
871478
871479
871480
871481
871482
871483
871484
871485
871486
871487
871490
871491
871492
871493
871494
871495
871497
871500
871501
871502
871503
871504
871505
871507
871508
871509
871510
871511
871512
871515
871516
871517
871518
871519
871520
871521
871522
871523
871524
871525
871526
871527
871528
871529
871530
871532
871536
871539
871540
871541
871542
871543
871546
871547
871548
871549
871550
871551
871552
871553
871554
871555
871556
871558
871559
871560
871561
871562
871563
871564
871565
871566
871567
871571
871572
871574
871575
871577
871578
871579
871580
871581
871582
871583
871584
871586
871587
871588
871589
871590
871591
871592
871594
871595
871597
871598
871599
871600
871601
871602
871604
871605
871607
871608
871609
871612
871613
871614
871615
871617
871618
871619
871620
871621
871622
871623
871624
871625
871626
871628
871629
871630
871631
871632
871633
871634
871635
871636
871637
871638
871640
871641
871642
871643
871644
871645
871646
871647
871648
871651
871652
871653
871654
871655
871656
871658
871659
871660
871662
871663
871664
871665
871667
871668
871669
871670
871671
871672
871673
871674
871675
871676
871677
871678
871679
871682
871683
871684
871685
871686
871687
871688
871689
871690
871691
871692
871693
871694
871695
871696
871698
871699
871700
871701
871702
871703
871704
871705
871706
871707
871709
871710
871711
871712
871713
871714
871715
871716
871717
871718
871719
871720
871721
871722
871723
871724
871725
871726
871727
871728
871729
871731
871732
871733
871734
871736
871737
871738
871739
871740
871741
871743
871744
871745
871746
871747
871748
871749
871750
871751
871752
871753
871754
871756
871757
871758
871759
871760
871761
871763
871764
871765
871766
871767
871768
871769
871770
871771
871772
871773
871774
871775
871777
871779
871780
871781
871782
871783
871784
871786
871787
871790
871791
871792
871793
871794
871795
871797
871798
871799
871800
871802
871803
871804
871805
871806
871807
871810
871811
871812
871813
871814
871816
871817
871818
871819
871821
871822
871823
871824
871825
871826
871827
871828
871829
871830
871831
871832
871833
871834
871835
871836
871837
871839
871840
871841
871842
871843
871844
871845
871846
871847
871848
871849
871850
871851
871852
871854
871855
871856
871857
871858
871859
871860
871861
871862
871864
871865
871866
871867
871868
871870
871874
871875
871876
871878
871879
871880
871881
871882
871883
871884
871885
871886
871887
871888
871889
871890
871891
871892
871894
871895
871896
871897
871898
871899
871900
871901
871902
871904
871906
871907
871908
871909
871910
871911
871912
871914
871915
871916
871917
871918
871919
871920
871921
871923
871925
871926
871927
871928
871930
871931
871932
871933
871934
871935
871936
871937
871939
871940
871941
871942
871943
871944
871945
871946
871947
871948
871949
871950
871951
871952
871953
871954
871955
871956
871957
871958
871962
871963
871964
871965
871966
871967
871968
871970
871971
871972
871973
871974
871975
871976
871979
871980
871981
871982
871983
871986
871987
871988
871989
871990
871991
871992
871993
871994
871995
871996
871997
871998
871999
872001
872002
872003
872004
872005
872006
872007
872009
872010
872011
872012
872013
872014
872015
872016
872017
872018
872019
872021
872022
872023
872024
872025
872026
872027
872028
872029
872030
872031
872032
872033
872034
872036
872037
872038
872039
872040
872042
872043
872044
872045
872046
872047
872049
872050
872052
872054
872055
872057
872058
872061
872062
872063
872065
872066
872067
872068
872069
872070
872071
872072
872073
872076
872077
872078
872079
872081
872082
872083
872084
872085
872086
872087
872088
872089
872090
872091
872092
872093
872094
872097
872098
872099
872100
872101
872102
872103
872104
872106
872107
872109
872110
872111
872112
872114
872115
872117
872118
872119
872121
872122
872123
872124
872125
872126
872127
872128
872129
872130
872131
872132
872134
872135
872136
872137
872138
872139
872140
872141
872142
872143
872144
872145
872147
872148
872149
872150
872152
872153
872154
872155
872156
872157
872158
872160
872161
872162
872163
872164
872165
872166
872167
872168
872169
872170
872171
872172
872173
872174
872175
872176
872177
872178
872179
872180
872181
872182
872183
872184
872185
872186
872187
872188
872189
872190
872191
872192
872193
872194
872195
872197
872198
872199
872200
872201
872202
872203
872204
872205
872206
872207
872208
872209
872210
872211
872212
872213
872215
872216
872217
872218
872219
872220
872221
872222
872223
872224
872225
872226
872227
872230
872231
872232
872233
872235
872238
872239
872240
872241
872242
872244
872245
872246
872247
872248
872249
872250
872251
872252
872253
872254
872255
872256
872257
872258
872259
872260
872261
872262
872263
872264
872265
872266
872267
872269
872270
872271
872272
872273
872274
872275
872276
872277
872279
872281
872282
872283
872284
872285
872286
872287
872288
872289
872290
872291
872292
872293
872294
872295
872296
872297
872298
872299
872300
872301
872302
872303
872304
872305
872306
872307
872308
872310
872311
872313
872315
872316
872318
872319
872320
872321
872322
872323
872324
872325
872326
872327
872328
872329
872330
872331
872333
872334
872336
872337
872338
872339
872340
872341
872342
872344
872345
872346
872347
872348
872349
872350
872351
872352
872355
872356
872357
872358
872359
872360
872361
872362
872363
872364
872365
872366
872368
872369
872370
872371
872372
872373
872374
872375
872376
872377
872378
872379
872380
872381
872383
872386
872387
872388
872389
872390
872391
872392
872393
872394
872395
872396
872397
872398
872399
872400
872401
872402
872403
872404
872405
872406
872407
872408
872409
872410
872411
872412
872413
872414
872415
872416
872417
872418
872419
872420
872421
872422
872423
872424
872425
872426
872427
872428
872430
872431
872432
872434
872435
872436
872438
872439
872440
872441
872442
872443
872444
872445
872446
872447
872448
872449
872450
872451
872453
872454
872455
872456
872457
872458
872459
872460
872461
872462
872463
872464
872465
872466
872467
872468
872469
872471
872473
872474
872475
872476
872477
872478
872480
872481
872482
872483
872485
872486
872487
872488
872489
872490
872491
872492
872493
872494
872495
872496
872497
872498
872499
872500
872501
872502
872503
872504
872505
872506
872507
872508
872509
872510
872511
872512
872514
872515
872516
872517
872518
872519
872520
872521
872522
872523
872524
872525
872526
872527
872528
872529
872530
872531
872532
872534
872535
872536
872537
872538
872539
872540
872541
872542
872543
872544
872545
872546
872547
872548
872549
872550
872551
872552
872553
872554
872555
872556
872558
872559
872560
872562
872563
872564
872565
872567
872568
872569
872570
872571
872572
872573
872574
872575
872576
872577
872578
872579
872580
872581
872582
872583
872584
872585
872586
872587
872588
872589
872590
872592
872593
872594
872595
872596
872597
872598
872599
872600
872601
872602
872603
872604
872605
872606
872607
872608
872609
872610
872611
872612
872613
872614
872615
872616
872617
872618
872619
872620
872621
872622
872623
872624
872625
872626
872628
872629
872630
872631
872632
872633
872634
872635
872636
872637
872638
872640
872641
872642
872643
872644
872645
872646
872647
872648
872650
872651
872652
872653
872654
872655
872656
872657
872658
872660
872661
872662
872663
872664
872665
872666
872667
872668
872669
872670
872671
872672
872673
872674
872675
872676
872677
872678
872679
872680
872681
872682
872683
872684
872685
872686
872687
872688
872689
872690
872691
872692
872693
872694
872695
872696
872697
872698
872699
872701
872702
872703
872704
872705
872706
872707
872708
872709
872710
872711
872712
872713
872714
872715
872716
872717
872718
872720
872721
872722
872723
872726
872727
872728
872729
872730
872731
872732
872733
872735
872736
872738
872739
872740
872741
872742
872743
872744
872745
872747
872748
872749
872750
872751
872752
872753
872755
872756
872757
872758
872759
872760
872761
872762
872763
872765
872766
872767
872768
872769
872770
872771
872773
872775
872776
872777
872778
872779
872780
872781
872782
872783
872786
872787
872788
872789
872790
872791
872792
872793
872795
872796
872797
872798
872799
872800
872801
872802
872803
872806
872807
872808
872809
872810
872811
872812
872813
872815
872816
872817
872818
872819
872820
872821
872822
872823
872825
872826
872827
872828
872829
872830
872831
872832
872833
872835
872836
872837
872838
872839
872840
872841
872842
872843
872845
872846
872847
872848
872849
872850
872851
872852
872853
872855
872856
872857
872858
872859
872860
872861
872862
872863
872865
872866
872867
872868
872869
872870
872871
872872
872873
872875
872876
872877
872878
872879
872880
872881
872882
872883
872885
872886
872887
872888
872890
872891
872892
872893
872895
872896
872897
872898
872899
872900
872901
872902
872903
872905
872906
872907
872908
872909
872910
872911
872912
872913
872915
872916
872917
872918
872919
872920
872921
872922
872923
872925
872926
872927
872928
872929
872930
872931
872932
872933
872935
872936
872937
872938
872940
872941
872942
872943
872945
872946
872947
872948
872949
872950
872951
872952
872953
872955
872956
872957
872958
872959
872960
872961
872962
872963
872965
872966
872967
872968
872969
872970
872971
872972
872973
872975
872976
872977
872978
872979
872980
872981
872982
872983
872985
872986
872987
872988
872989
872990
872991
872992
872993
872995
872996
872997
872998
872999
873000
873001
873002
873003
873005
873006
873007
873008
873009
873010
873011
873012
873013
873015
873016
873017
873018
873019
873020
873021
873022
873023
873025
873026
873027
873028
873029
873030
873031
873032
873033
873035
873036
873037
873038
873039
873040
873041
873042
873043
873045
873046
873047
873048
873049
873050
873051
873052
873053
873055
873056
873057
873058
873059
873060
873061
873062
873063
873065
873066
873067
873068
873069
873070
873071
873072
873073
873075
873076
873077
873078
873079
873080
873081
873082
873083
873085
873086
873087
873088
873089
873090
873091
873092
873093
873095
873096
873097
873098
873099
873100
873101
873102
873103
873105
873106
873107
873108
873109
873110
873111
873112
873113
873115
873116
873117
873118
873119
873120
873121
873122
873123
873125
873126
873127
873128
873129
873130
873131
873132
873133
873135
873136
873137
873138
873139
873140
873141
873142
873143
873145
873146
873147
873148
873149
873150
873151
873152
873153
873155
873156
873157
873158
873159
873160
873161
873162
873163
873165
873166
873167
873168
873169
873170
873171
873172
873173
873175
873176
873177
873178
873179
873180
873181
873182
873183
873185
873186
873187
873188
873189
873190
873191
873192
873193
873195
873196
873197
873198
873199
873200
873201
873202
873203
873205
873206
873207
873208
873209
873210
873211
873212
873213
873215
873216
873217
873218
873219
873220
873221
873222
873223
873225
873226
873227
873228
873229
873230
873231
873232
873233
873235
873236
873237
873238
873239
873240
873241
873242
873243
873245
873246
873248
873249
873250
873251
873252
873253
873255
873256
873258
873260
873261
873262
873263
873265
873266
873267
873268
873269
873270
873273
873275
873276
873278
873279
873280
873281
873282
873283
873285
873286
873287
873288
873290
873291
873292
873295
873296
873297
873298
873305
